waypoints:
- latitude: 0.6136120902428805
  longitude: 0.7894652028965778
  yaw: 0.0

- latitude: 0.6139129372488423
  longitude: 0.7893651200853115
  yaw: 0.0
